00000101100000001010000000000011
00000000000100000000000100110011
00000000001000000100100001100011
00000001000000000000000111101111
00000000010100100111001100110011
00000000100000111001010010110011
00000000100010010000100001100111
00000001000001111001100001100011
01000000111001101000011000110011
00000001001110010100100010110011
00000000000000100000101000110111
00000001011101100000011000010011
00000101101010000101011000100011
00000001110111100000100001100011
00000001111111110101100001100011
00000001100010111110101100110011
01000001101111010101110010110011